
=== Sprint 02 ===
commit_count: 13
files_touched: 16
lines_added: 1607
lines_removed: 23
average_cadence: 0 days 11:00:58.333333333
flow_efficiency: 0.0008237024584996848
